0 0
1 0
2 0
3 0
4 0
5 0
6 0
7 0
8 0
9 0
10 0
11 0
12 0
13 0
14 0
15 0
16 0
17 0
18 0
0 18
1 18
2 18
3 18
4 18
5 18
6 18
7 18
8 18
9 18
10 18
11 18
12 18
13 18
14 18
15 18
16 18
17 18
18 18
0 0 
0 1 
0 2 
0 3 
0 4 
0 5 
0 6 
0 7 
0 8 
0 9 
0 10
0 11
0 12
0 13
0 14
0 15
0 16
0 17
0 18
18 0 
18 1 
18 2 
18 3 
18 4 
18 5 
18 6 
18 7 
18 8 
18 9 
18 10
18 11
18 12
18 13
18 14
18 15
18 16
18 17
18 18

2 0 
2 2 
2 3 
2 4 
2 5 
2 6 
2 7 
2 8 
2 10
2 11
2 12
2 13
2 14
2 15
2 16
2 18

16 0 
16 2 
16 3 
16 4 
16 5 
16 6 
16 7 
16 8 
16 10
16 11
16 12
16 13
16 14
16 15
16 16
16 18

4 0 
4 2 
4 3 
4 4 
4 5 
4 7 
4 9 
4 11
4 13
4 14
4 15
4 16
4 17
4 18

8 0 
8 2 
8 3 
8 4 
8 5 
8 7 
8 9 
8 11
8 13
8 14
8 15
8 16
8 17
8 18

12 0 
12 2 
12 3 
12 4 
12 5 
12 7 
12 9 
12 11
12 13
12 14
12 15
12 16
12 17
12 18

6 0 
6 2 
6 3 
6 4 
6 5 
6 7 
6 9 
6 11
6 12
6 13
6 14
6 15
6 16
6 17

10 0 
10 2 
10 3 
10 4 
10 5 
10 7 
10 9 
10 11
10 12
10 13
10 14
10 15
10 16
10 17

14 0 
14 2 
14 3 
14 4 
14 5 
14 7 
14 9 
14 11
14 12
14 13
14 14
14 15
14 16
14 17

5 9
7 9
9 9
11 9
13 9

5 11
7 11
9 11
11 11
13 11